54
6 5 0
6 9 2
7 9 3
3 7 1
6 2 1
3 7 0
7 9 1
7 9 1
6 2 1
1 0 1
1 0 3
6 2 0
3 7 1
6 5 1
6 9 3
6 9 1
3 10 3
1 8 0
1 0 1
6 5 3
1 0 0
1 0 2
6 5 2
1 8 1
3 10 3
6 2 3
6 2 3
6 9 1
7 9 0
1 0 1
7 9 1
6 2 0
1 0 2
3 7 0
6 2 2
1 8 1
1 0 1
3 3 2
1 0 1
3 3 1
6 2 1
1 8 2
6 5 3
7 9 3
6 2 2
3 7 0
1 0 0
3 3 0
6 2 2
3 7 0
3 7 0
3 3 2
1 0 1
3 7 3
;
54
6 5 0
6 9 2
7 9 3
3 7 1
6 2 1
3 7 0
7 9 1
7 9 1
6 2 1
1 0 1
1 0 3
6 2 0
3 7 1
6 5 1
6 9 3
6 9 1
3 10 3
1 8 0
1 0 1
6 5 3
1 0 0
1 0 2
6 5 2
1 8 1
3 10 3
6 2 3
6 2 3
6 9 1
7 9 0
1 0 1
7 9 1
6 2 0
1 0 2
3 7 0
6 2 2
1 8 1
1 0 1
3 3 2
1 0 1
3 3 1
6 2 1
1 8 2
6 5 3
7 9 3
6 2 2
3 7 0
1 0 0
3 3 0
6 2 2
3 7 0
3 7 0
3 3 2
1 0 1
3 7 3
;

