54
3 10 3
6 2 3
3 7 1
6 2 2
6 5 1
6 2 0
1 0 3
7 9 3
7 9 0
3 10 2
7 9 3
1 8 2
7 9 1
3 3 1
3 10 1
3 10 2
1 0 3
6 9 3
6 5 1
3 3 1
7 9 0
6 5 0
7 9 1
6 9 0
3 3 1
3 3 2
7 9 2
6 2 3
6 5 2
3 7 1
6 5 1
6 2 0
6 2 1
6 2 1
3 10 3
3 3 0
1 8 1
3 10 0
6 5 3
6 2 3
6 9 2
1 0 1
1 8 2
1 8 0
3 10 1
6 9 0
1 0 0
7 9 3
6 2 1
6 5 2
3 10 0
6 5 2
3 3 0
1 8 3
;
54
3 10 3
6 2 3
3 7 1
6 2 2
6 5 1
6 2 0
1 0 3
7 9 3
7 9 0
3 10 2
7 9 3
1 8 2
7 9 1
3 3 1
3 10 1
3 10 2
1 0 3
6 9 3
6 5 1
3 3 1
7 9 0
6 5 0
7 9 1
6 9 0
3 3 1
3 3 2
7 9 2
6 2 3
6 5 2
3 7 1
6 5 1
6 2 0
6 2 1
6 2 1
3 10 3
3 3 0
1 8 1
3 10 0
6 5 3
6 2 3
6 9 2
1 0 1
1 8 2
1 8 0
3 10 1
6 9 0
1 0 0
7 9 3
6 2 1
6 5 2
3 10 0
6 5 2
3 3 0
1 8 3
;

