54
6 5 1
3 10 2
1 0 3
6 9 2
3 3 3
7 9 0
6 5 3
6 9 1
3 3 0
1 0 3
7 9 1
3 10 3
6 9 3
7 9 0
3 7 0
3 7 1
7 9 0
3 3 0
3 3 0
7 9 0
3 3 0
3 10 2
1 8 2
7 9 3
3 10 0
1 0 3
6 5 2
1 8 2
3 7 1
7 9 3
6 5 2
1 8 0
3 10 0
3 7 2
7 9 1
3 3 3
1 8 0
1 0 3
3 7 0
6 9 2
1 8 0
3 7 2
6 9 0
6 9 1
6 2 2
6 9 2
3 10 3
3 7 0
3 7 1
3 3 1
6 2 0
6 9 0
6 2 3
1 8 2
;
54
6 5 1
3 10 2
1 0 3
6 9 2
3 3 3
7 9 0
6 5 3
6 9 1
3 3 0
1 0 3
7 9 1
3 10 3
6 9 3
7 9 0
3 7 0
3 7 1
7 9 0
3 3 0
3 3 0
7 9 0
3 3 0
3 10 2
1 8 2
7 9 3
3 10 0
1 0 3
6 5 2
1 8 2
3 7 1
7 9 3
6 5 2
1 8 0
3 10 0
3 7 2
7 9 1
3 3 3
1 8 0
1 0 3
3 7 0
6 9 2
1 8 0
3 7 2
6 9 0
6 9 1
6 2 2
6 9 2
3 10 3
3 7 0
3 7 1
3 3 1
6 2 0
6 9 0
6 2 3
1 8 2
;

